0.28302371936511844241479707307008 0.55358171789168775234202257706784 0.87120632331540859283336430962663 0.58943220442884391996329895846429 0.84463471030093051350462474147207 0.68706014283547778287442042710609 0.39107538186102541732935833351803 0.013340569976970651985825888630188
0.24928815365196405062775397709629 0.63171318003422827214166090925573 0.13695720630437754894437318853306 0.82216789721197314211309503662051 0.69675303713643210734574040543521 0.040136808321236679131249758256672 0.79805884383750236299448488352937 0.22899019345885140985785710654454
0.35995682403008799621346724961768 0.7667011242355502576018011495762 0.1117447478255075010711294680732 0.19566151533300771281354002439912 0.60436084860426531051302845298778 0.22882435286710631205941979260388 0.94749648916975259815842491661897 0.30598453134034148126474406126363
0.94992374166503656951476841641124 0.063056034814956016254505755114224 0.45922958568265853651624297526723 0.80764829017977024516738993042964 0.057709995457939394780666475526232 0.75895739437244558178718989438494 0.86924400850514371708044336628518 0.027947556791518876617708144749486
0.80710378081703226804677342443028 0.076241051541432514060403491384932 0.73582155795658932273539676316432 0.52375973152551857925374179103528 0.3341586367589188255600163302006 0.211788872790647703103772414579 0.5227704803489191531795654555026 0.38608969911184082279831386586011
0.22284817261296857582308916789771 0.10612921562715747769711782666491 0.22750940481209777632720658857579 0.4168364509992230626522768943687 0.080017503539301551573892368196539 0.69547116528872976459751953370869 0.61334593318596719591084820422111 0.45257635340967461434757979077403
0.15902887390108721987758144678082 0.85358351418993416714897648489568 0.88832265991346814892892780335387 0.23140219860472568957909800246853 0.60308929862744653505046699137893 0.4495221470023510468294603015238 0.86478876152787831355084335882566 0.035344801915645936152277073460937
0.60858808990300761188052547367988 0.49584792915738462593111535170465 0.85738884313113872259748404758284 0.62861744799051522125665769635816 0.13069088608042442323231568934716 0.84205514506777656702496415164205 0.63190245092169206042598261774401 0.019214772580114090200220644533147
0.15747156719263688540166867824155 0.049147131890304944501490780339736 0.66722355954411594058939272144926 0.80852847681401884827323556237388 0.5345685298902620452565770392539 0.035877077019535949520268047763238 0.098328213081728552125149178664287 0.41399072341748460734933701132832
0.4133700720286535013059392440482 0.97830634560855223025299665096099 0.97601319513554107842878693190869 0.085895979264494826121989490275155 0.97758389248537913562842049941537 0.10770955618642794049399924460886 0.33361220640977184981323944157339 0.43726948754755867732058050023625
0.20725102296396225032282245592796 0.41271209107249567926700706266274 0.96131871531775292538668509223498 0.52184999009720967055869778050692 0.43438231303005586658727565918525 0.72334832719061559203055367106572 0.60402627948368359245279179958743 0.36928752669725439794490284839412
0.066198280143732246560972498627962 0.34746549585706498763926219908171 0.31230293522684759999208381486824 0.92242953013638318005007477040635 0.9040756875930885394510028163495 0.63571967348306324119278087891871 0.79216294593084157771301079264958 0.75574487633129305841350742412033
0.94099119065319147825476875368622 0.70990028701209939576699525787262 0.24309634495112711349840139973821 0.02158054038477518962735324237201 0.64935758024673195798470715089934 0.065541351129333402791843354862067 0.25091038304569890371453766420018 0.20983261078029621926610559512483
0.62244751095289219122719259758014 0.87610767881610185359164688634337 0.38128463822947250561057330742187 0.304599639665974530888803428752 0.73867137710321073562624860642245 0.029356182068494853648621401021046 0.42247291165492639741785296791932 0.33546517004023945762725134045468
0.93272440594642613831410926650278 0.48235686478245487496252508208272 0.98010931677809520756738947966369 0.23404686197632804112167548282741 0.44422479103692674717862587385753 0.96592542577770579281803975391085 0.67466373770323240233182104930165 0.39419510850547517799569163798878
0.75555632502392866545193328420282 0.97213275704561652457158515971969 0.17430770899643990845540031386918 0.0057528761218735994034667591279231 0.0065266809709672805178692911454164 0.68575252300943900785057394386968 0.95914418250096100670987198100192 0.70211148835646930432830004065181
0.57484986371484592115876921525341 0.4684243989027673804592666328972 0.98938521683335955980709286450292 0.53113233919547708783426287482143 0.42450120619132580834786949708359 0.936603597668302034762177754601 0.12219109996533930595496997284499 0.41729910584981744214871923759347
0.29693001958261228123703290293633 0.8434951667709377209902754657378 0.073417815215532949979504451221146 0.29014240532957469298480646102689 0.98218642182837367915482218450052 0.50824657247600635301409965904895 0.99590272346311570217380904068705 0.36995018912025312562974477259559
0.40892135105784982451737619157939 0.10500737672398838262743936411425 0.087309566059996845943658172473079 0.77023502327506720988026245322544 0.069104410148751863052218880056898 0.21213232111747662433920424973621 0.53685889748569015633705703294254 0.96148482951441005539550133107696
0.27499555296864330866668524322449 0.54427337749840543068557963124476 0.62670218925060039438790226995479 0.032957774562463494627539972725572 0.028364310734124764667996032585506 0.46203404407266696063416588913242 0.1580387678599843026550075819614 0.61049722925062677170160441164626
0.99144244084518895476776378927752 0.85015663856602374792714726936538 0.2834092089548270743115665482037 0.24068183717775928909254901100212 0.095232426719510557266978878487862 0.23908789075782063693331735976244 0.75437614538703212652137608529301 0.20233698372120517694483510240389
0.98276849763176699070754693821073 0.17887101015400058701132479654916 0.020213783675670421446923796793271 0.059434068569300453621639945822608 0.86260219216064926150977498764405 0.49835075089900571221335212612757 0.31567881863892460758691527189512 0.28158933029841309858554154743615
0.98883023506020539805660973797785 0.69713649862868853901431975828018 0.6739800193667168093369923553837 0.58725567433904746206252411866444 0.76139410691856279633782378368778 0.670952288805361396484272518137 0.72980724836902199914590028129169 0.3152124577423038864765203470597
0.62438496282196753739412997674663 0.11718018162230318945926654805589 0.46545342135828288165910748830356 0.51181150962530563841568209682009 0.019843894056727717084553930249058 0.012533378820058524091840546077492 0.70130220678050148030990840197774 0.12597226090245833285408139090578
0.63133894653949862441066898099962 0.37274414650833281870134783275716 0.77160516895343722598710201054928 0.81239478832402645114285633098916 0.16494669377820136979551080003148 0.15989657197703840973979083628365 0.76495153506399160558970606871299 0.17344755138836484564812678854651
0.68909880537509926590189479611581 0.8307966354459251911990236294514 0.64050810852782902315993851516396 0.29068997484816094800663677233388 0.62763038311860064322189600716229 0.50810219667958966827114863917814 0.040951216145368965482198575500661 0.81872312050196116572919891041238
0.38290283249002837751007177757856 0.6787854581672874143549734071712 0.88330360873429747403662304350291 0.39882572037014274446420358799514 0.70988762592962062480950180543005 0.97925297565587066106473912441288 0.237312954845723206309671127201 0.45533095488140945539257131713384
0.021440049770557138147930587024348 0.35911423305235562475346000610443 0.33177310459300857203857049171347 0.91425914797818452761646312865196 0.85188254392817408522375899337931 0.37864072268169646218183288510772 0.80146760397967165001631428822293 0.12520099518475619193580428145651
0.85473628035918902678957920215908 0.4925120660225990598668488473777 0.7538518093879479353702777189028 0.61748571529561768755911543848924 0.86636389657240109318792065096204 0.41876171248394566948292094821227 0.23590196406126073824793820676859 0.36792639548808342420116446191969
0.54021383851895166117174085229635 0.39945882954824851740482927198173 0.72412256846262945675363198461127 0.24281148117010492581968605918519 0.11791186688121370329529469245244 0.1391802540658655940042365273257 0.26387213163050599051828726260283 0.6376805305378403510019325040048
0.35049287640258536269399769480515 0.41444466635512738905688934210048 0.73462105654864173764906354335835 0.073582993617548039799736159238819 0.33708256873035180589681658602785 0.50623977805364406279409195121843 0.94312848773725510564958085524268 0.62893520506020550442372041288763
0.052721002197760644114588046704739 0.90071638645403806489042608518503 0.65998668779448121934905202579102 0.91926208518276886216824550501769 0.3788418116251206502198556336225 0.11991637478277021588990436384847 0.43898175405842748686424670268025 0.78284813808215114594446504270309
0.44463546414419258256955913566344 0.52592210065327293921910722929169 0.86581832119075374798455868585734 0.43078416553876153205493437781115 0.62687590621616373631752594519639 0.26968416501378711380709773948183 0.052493424008353765930490197888503 0.94273290868994596980456890378264
0.99964588900794948411743234828464 0.71669050111578191941674731424428 0.49044104618485512281367277864774 0.30211898103129691817159141464799 0.90811187946676963367309554087115 0.50229777338210157555664636674919 0.11829061770741754189284478115951 0.84393102394525831844163121786551
0.37344650997746564602408625432872 0.36852257201679033959962339395133 0.58499811619351915759068560873857 0.13871614281861749384816562269407 0.73964085322736594640957719093421 0.10901326408464538653131370438132 0.5025582133757101610527229240688 0.20142510618238304576088637531939
0.53502672586606636606632037000963 0.89054299156314797869526955764741 0.1065366715723387869285687656884 0.83637304610158180739887257004739 0.061364559651763191105988681783856 0.65707277544909303834685943002114 0.17708278976866298481951389476308 0.57387327676936683573671871272381
0.86677785991306066648576234001666 0.78216764017240347772741415610653 0.54217133829392805122182608101866 0.68812192033899510779093589007971 0.1037645182953937511571851359804 0.38204281154707053769215008287574 0.8475008462056452529509442683775 0.51761765280480120932082854778855
0.8613064778082657468871730088722 0.10530762186499816046580946249378 0.9601761306335304668735375344113 0.36626859609417078411652823888289 0.58113615133840346160809531284031 0.18653821926478808546079335428658 0.8182015412276286703274763567606 0.89894085655939881540632541145897
0.24934784459902861741831259223545 0.4156412961958905194492785994953 0.1982780486147838194810333334317 0.39283495765158593648891383054433 0.36129725179427024661649170411692 0.56810130638521771917481828495511 0.091075448215509155480695824280701 0.83154519434656881671230621577706
0.70771438341003678473839499929454 0.44856942846186781403972076986975 0.13478695255436254352154890057136 0.67596615589101294307994294285891 0.52691168036636137905759369459702 0.25705704387667183130616876951535 0.33192143103165205886284638836514 0.13067971495233246526090908901097
0.44516207414627245730898152942245 0.14426265216798142554388562075474 0.81752206178208752795910640998045 0.87585774387133519258696878750925 0.70571937805863038661868813505862 0.64628328805410051316471253812779 0.54976809014907057626686537332716 0.70503271101100473128298062874819
0.92157149316282005457878767629154 0.73977343779324078454351365508046 0.60548117422955416433438813328394 0.031837892209672875865056340671799 0.87865590838616203228639278677292 0.20135616056796193373834569229075 0.80234712877900316030377325660083 0.88871821622907898330367970629595
0.60530954741948472808132919453783 0.0058357455492706634958555156345028 0.14225812993450087651225999252347 0.27277661638688432965693664300488 0.79890227245910661046934819751186 0.58168950480434189476142137209536 0.63408703076087813421679584280355 0.96657809779602521516039814741816
0.71768883858458865088181255487143 0.35637265261801087667947740555974 0.077074049524960122625749647795601 0.94281513212784862076887293369509 0.52607552516871469716619458267814 0.21486018711425600158371196357621 0.70999844303804859890760781127028 0.77538497532023586966687389576691
0.92175789249309902917417502976605 0.23545398533327782653046256200469 0.02156252006892630732060034404185 0.77298645712029190324443561621592 0.22208127968271476615491621942056 0.78742025790956915454188447256456 0.23517990143954597970221698233217 0.10518330931968830621592303486977
0.4930514468864948263160385977244 0.20872391267549078586185373751505 0.90434057692348746027022343696444 0.6055221782054782675430715244147 0.51891119136127827893290032079676 0.94202951541787338651801064770552 0.69211258058766411682682928585564 0.92192947473462205643102151952917
0.65184766904070345905353178750374 0.60773918752477507077003338054055 0.60573938731630094789437634972273 0.96180409780751430215417485669605 0.60492026957639222217721908236854 0.75002752084968937751341400144156 0.47558023606463789567655453538464 0.64928792398209556058219504848239
0.35597420197840751177054130494071 0.34689110300084685656329952507804 0.22970534616090490520612377167708 0.95261344835588557256045305621228 0.79578783797293972668285277904943 0.51994367464201107775778609720874 0.077567588292259098681213913550891 0.74389817329329133155368936058949
0.21749367312710191080249444439687 0.76494573006434740669590155448532 0.01158888540845543803359252166274 0.057274392443645474881641632691753 0.44617161214161032978253729197604 0.49354485186264934748479049630987 0.51098678990927115517450829429436 0.18599787089362521119717541751015
0.62656576188477131061915770260384 0.57290061088884092210804510614253 0.64700398663422598044547839890583 0.84838947584963020354109630716266 0.57076860149976604841270955148502 0.96509616444504653376412761645042 0.48047829755682325281185285348329 0.074108851876983419804112429574161
0.99416910594981111604084844657336 0.31811029799671675100114498491166 0.13424979728916786037018482602434 0.18469564520125097972780281452287 0.53689015052645794323638028799905 0.48303188366850102752891871205065 0.43797011629427701207006862205162 0.38991974457705869117063457451877
0.41867199765440704650742986814294 0.072200641686354830039995533752517 0.14981230353588659287566997591057 0.82923114915509898992240778170526 0.37137617774838427298078613603138 0.59995554701235520589364114130149 0.51138482453828992824185206700349 0.41323522988664995736485252564307
0.0030890752614080342619562458139626 0.92137856296947462375612758478383 0.73954762798630091502616323850816 0.75862297248080579059603678615531 0.37039673153798208238285383231414 0.5525602488013063862126728054136 0.82154721791677631781425361623405 0.70086498895516591289833741029724
0.63763095175884243470676437937072 0.87548403695494592113846010761335 0.53628816248628075058491049276199 0.20322406811287657690812125110824 0.16112543676811702519913183095923 0.38232000918608688433408815399162 0.97759196376913415349463321035728 0.79910771546616443661292805700214
0.54612791558879225650713351569721 0.35963264667093253201812785846414 0.050956432532776471666657869263872 0.22555650781255676129433140886249 0.0093196075647421286469729295731668 0.30547627348141453973440206937084 0.51017236237209917515400547927129 0.80227707592525365765112610461074
0.6175144650867411266759177124186 0.66363771970434992653053996036761 0.96008530091137456174976705369772 0.59701322273620482938838449626928 0.018918369989629865018931909048661 0.09174198237741754136109761930129 0.68479307488305951601148535701213 0.73505752893313169860078915007762
0.37416687631706618821780807593314 0.83851943925026395376676191517618 0.80341287077489587087342215454555 0.464082068806511982561602280839 0.42540598597262974100985388759 0.34843449160921724505612928624032 0.68070634579306199540837951644789 0.49274778048880274461396311380668
0.5781140924103090883434674651653 0.025923203686899255054898461025914 0.18965863721127151908518726486363 0.60239719930257540347895428567426 0.079036899619075062783934981780476 0.60718493872393619614769022518885 0.76449917927736643630254320669337 0.80128055447274970646276415209286
0.55263502384126572675171473747469 0.39648167493185926257837081720936 0.52030271770672853470784957607975 0.85760627435852243571900999086211 0.8609155738975615701491506115417 0.88466899141446975196600988056161 0.37204789041121727466432389519468 0.19961631317090075543596583429462
0.45817004006914935354544127221743 0.85870568976717898124206840293482 0.71858650026954007383750422377489 0.42568576994895052090228659835702 0.58123432700776067605374919367023 0.80479084343305573590043877629796 0.15983854903630217991761242046778 0.92136167607575569782341062818887
0.67691077912297747953829230027623 0.23653372152844948095307131552545 0.53518270678688706354364512662869 0.79188861812886368607422582499566 0.77679816522415867652284759969916 0.46184151795299166476382879409357 0.73750505710531266689855556251132 0.091458918821122725528738328648615
0.06428162800140349575350739996793 0.98820163573112174137946794871823 0.036982633614494810070372210475398 0.3167317513893410652059401400038 0.12894580088743806678408532206959 0.10137098169751218579293094990135 0.0012893420232006000403224277306435 0.60907011811566946768436991987983
0.8133205128496289182393752525968 0.77024491444810516682650813891087 0.00040592722324090351046152469471906 0.26611058587199065694761657141498 0.65379816198124918180667464184808 0.99088479941725238209215831375332 0.43640060321564061451837801541842 0.40173259438888558880975665488222
0.78388760892083042541855775198201 0.26818195771096697832547306461493 0.57029271147124205310063871365855 0.9160877133736132771346660774725 0.52302599492343770926083834638121 0.2157790817817150652579982761381 0.34523039584617265518318163231015 0.43541404945401396275883598718792
0.223804015934439826107649196274 0.48783969413299405060158164815221 0.88178157072904728153162068338133 0.86067246505028593972497219510842 0.66727690790481530846989244309952 0.49356457079409349342213886302488 0.36279883172785554190653556361212 0.38407993327312961451269757162663
0.46837270975931544203518797075958 0.19920793526264091166666503340821 0.24453694143023055329599912965932 0.52084631672464531959576561348513 0.89110045910228863341728811064968 0.19653677758020257626547788731841 0.16382039600983505645004356665595 0.57311839519353180438798744944506
0.23596435941793730828308639502211 0.45720213517861574281653247453505 0.10392088218187794934621592801705 0.38357992033687177135803381133883 0.82180647305254717061018254753435 0.74404533242598436260095695615746 0.95068002585319955066722741321428 0.67473478265669695197459532209905
0.47025040950403618200681421512854 0.83347486073597765177112250967184 0.45508590251525771197549374846858 0.34369794610381576571711548240273 0.9545318887355185299981030766503 0.032817440616835800992756588811972 0.56091622597565837793354148743674 0.50739185905688655164880174197606
0.32345010887762809526080332034326 0.049085120758129159590499313026157 0.96984822003341275564736179148895 0.1062027733115591260348864466323 0.52480596533068835096713655730127 0.65271145351608073070792670478113 0.90693187054800761259798491664696 0.60900578762958801348759152460843
0.44560523952876557318703021337569 0.41293448925495729318058124590607 0.35984834612749044824298039202404 0.93251597382309703299085867911344 0.99346432035616560884960790644982 0.27526405430826517140019404905615 0.11667073403262619157860768837054 0.34572503420220174197297069440538
0.36563952279537526024455473816488 0.23831818819873168413536745902093 0.8388654036335395636214684600418 0.29427981173606204690074150676082 0.18086136878857239640439047434484 0.067084300385743617090028578786587 0.56443379659410275461794981310959 0.90055765461750703071430734780733
0.37669275986728628646815764113853 0.64894316845244837121953196401591 0.88384165707668160827381598210195 0.77280982836676326286351468297653 0.73780371789033205587315933371428 0.076836411274352936495724009091646 0.21496695387139397315223732221057 0.25462237568279816324334774435556
0.050000581901900924275405913022041 0.40901683102741281938818929120316 0.79937907799158236521464004908921 0.47584656818072423867249653994804 0.76015153185914885458629441927769 0.4255869345136127912532231221121 0.53509629082538712196992491954006 0.31912110535328558347245575532725
0.7262510254680677457272963692958 0.85171979676501075040562227513874 0.24148284054534968623428881073778 0.33156242947083403027619397107628 0.086666892991415084290807158140524 0.18315190018352076051222354635684 0.048046056954721541587538524709089 0.11917331263390246176570030911535
0.46932986766117140708942656601721 0.68589139163980294977562834901619 0.029365237362071413412811793364199 0.20823578553346833164283680162043 0.90550322081203316049169416146469 0.026208459731075439691494466387667 0.081750517416250848001801898590202 0.22121643541688101874953531478241
0.50580579116163437713993289435166 0.96577202458903033122084025308141 0.17345367400319108841522108832578 0.62354068669553597281662860041251 0.23695251511269241340151836539007 0.95641295119223512788408925189287 0.33676593349367056617893467773683 0.013876883065178226978053643847488
0.4497392638610100967788696380012 0.99040164650451889549742645613151 0.91706851202749617435472373472294 0.48694054933171260213242703684955 0.95759227228283683164278272670344 0.20342624626363242645865625490842 0.14298641493385136347349373409088 0.87079406175063922557200157825719
0.53290242276856403247364823982934 0.42390477092148964866069604795484 0.65320401990127430202903724421049 0.3664221066531240245112144293671 0.40713415078008402536724474884977 0.071992708663814811154146866556403 0.027285978787195078881788745661652 0.056556501212413415324853360743873
0.60940916416578627679001556316507 0.60821265907926591598453569531557 0.40492927747293894213953535654582 0.33191712395473005337009908544132 0.8503018255939673863963434996549 0.94141496780895650431375543121248 0.85777433402871916534593310643686 0.96490015355687530629325010522734
0.86022121062442380434731603600085 0.28312150592703527740567892578838 0.66800087415391584677593073138269 0.464521907617421625502629467519 0.11556114363150381263434240963761 0.43669146019628479749030702805612 0.45741114777812641456478104373673 0.40732183193767984574762408556126
0.75296751860062216543667545920471 0.87615492482143308983211227314314 0.96714346508910953303939095349051 0.31923004843078384151766613285872 0.089724680958084071513702895117603 0.90457940888383547850537524936954 0.07557922066722407017369533832607 0.81737827283989428206467664494994
0.37902760103939109326276479805529 0.92271569234463268749379949440481 0.99462663957890873334122261439916 0.12726980108225918741915450027591 0.092647760896780992356802642007096 0.44397000364792987836537463408604 0.92480395366192424955187334489892 0.96182533788784219108691786459531
0.12136772673164819558166982460534 0.74585691666313025383061585671385 0.19840493926087257592349999413273 0.4660644979794336117961961463152 0.16981551447530454646006603525166 0.98561362054043555325222314422717 0.6975613419785480218138218333479 0.18172196349593294772972740247496
0.57833133075904330500094374656328 0.57515762072230236512382361979689 0.57188475854660492103676006081514 0.70542498391372732147175383943249 0.38839690416728928079592719768698 0.15370147542171536114707919296052 0.60195659749891894385598334338283 0.57954666878182459210933075155481
0.55380271270733483213177805737359 0.5085666620017208483517379136174 0.57580284676488946438155380747048 0.3908320493303304998811142922932 0.2743986149213734626606253641512 0.1168524479893934681085099214215 0.16036387053155021220618436927907 0.46308456474613979292342946791905
0.116561952597340215409538188851 0.44014804103023497106050854199566 0.91867336968057278223653838722385 0.51396622207292841366665925306734 0.88868766222515560571082460228354 0.11461358227310940172127828873272 0.10081706052791566952109292287787 0.72112639163475700243566279823426
0.49387601463487995623324877669802 0.51501886428621779234759969767765 0.87369791500091675828798543079756 0.56340215822517392130208691014559 0.0151647829366049688437634301863 0.45116477973724156136370311287465 0.88285383572133746543642018878018 0.43467450289239306648880756256403
0.70491633379971330164437404164346 0.0030226842313813852801407389137012 0.64285110904277109611371088249143 0.23689432433433924019006155958778 0.76427292814424530043027061765315 0.79308411436929537874362949878559 0.29331868825798812494554113072809 0.12433200900659273357984346830563
0.3706112547637004372980129573989 0.80365993897525644928947485823301 0.54998915651028723594606617552927 0.80256863296267610952128279677709 0.52189664000382796071875191046274 0.7469020434772811745105514091847 0.2428174799588627974511467755292 0.10996804278574758007014366967269
0.049136035870001731895584384801623 0.15919434877386795523790397055564 0.27557493388321563365650490595726 0.85948221895634580036471561470535 0.39271155961741183171298530396598 0.83039386757517319459509508305928 0.21149886515553856236593333051133 0.0057212230593815197737805888777984
0.32315154761682435280434333435551 0.77597807463628831747826097853249 0.22219962584384658765834785754123 0.8086823064134041061379321035929 0.4244002443417177472539947302721 0.35776385247299613556748454357148 0.8306007026567924222959504731989 0.2536843917090652045231990996399
0.52615931352383826791196952399332 0.32648742264528562984082782350015 0.74022329320325086499110511795152 0.47107419249469179023392939598125 0.31801973518187331979589771435712 0.30028022345211230481609732123616 0.8944046027380690988550782094535 0.73405941654458062295418585563311
0.23666515647769328922755960320501 0.65986789748084451190379695617594 0.18600589164964068111807193872664 0.20672420719844575298651534467353 0.42683180150390082063793784072914 0.37921925104993831068256326943811 0.18887649433869341253355855769769 0.17052801997205149775460597538768
0.43738855932501680134905086561048 0.62297948033006733670191579221864 0.36442766740795679014652819205367 0.78615343993394659616313902006368 0.61532715556889694408226887389901 0.4787382692378230331087252125144 0.85284418641539594396761003736174 0.14800376556496858126976690073207
0.42506904783073173881291495490586 0.10361383545821276075393768678623 0.5799871991601864840149005431158 0.74854375550159879537659435300156 0.067402025324609107781448358309717 0.67693705538931558951531997081474 0.40897777741480634272619454350206 0.9640814153234714689588713554258
0.48006514548786277662983934533258 0.037581393343337377022095324718975 0.46362297224436899156785329978447 0.83762392109562788800047883341904 0.90653487052482251140617108831066 0.44445971943769752021680119469238 0.00641313002939864363477484587861 0.47455804599771711504985205465346
0.61297241356303522330506439175224 0.45011740399975325166437301049882 0.044398600887535333292532868654234 0.63279114360236821124061634691316 0.51240922727902071809324979767553 0.64288760654946164319056833846844 0.055679424305278793494444755651784 0.71316223635892361798482852464076
0.23885414394320808595395533302508 0.97187431395767776010075067461003 0.82231138948237703090171635267325 0.36743213027583776497664302951307 0.41024300855539835852781038738613 0.64785510094892795329712953389389 0.85801662221799934737731518907822 0.26933359971116527242784854934143
0.0024279934796706675870225922153622 0.53491454346724154333969636354595 0.70249497187182186053178156726062 0.45573452533759184479578152604518 0.34346907266827803040243338728033 0.70757559568365535618283956864616 0.79320490693572687224133233030443 0.025758848059914084965837943741462
0.73761956673188155964027146183071 0.69307956306158702286523975999444 0.67401236148116316915235302076326 0.29205636540431123560068726874306 0.84547797016674308689943018180202 0.52166622257265904405443279756582 0.3341691965506111139383449426532 0.47843001052697120556445042893756
